227.000000 -513.000000 -241.000000, -194.000000 -90.000000 -309.000000, 386.000000 -426.000000 -121.000000, 342.000000 -720.000000 -201.000000, 
224.389587 -540.096619 -291.581604, -485.187622 119.154770 -246.228348, 377.851166 -481.088959 -183.644150, 311.981018 -686.886841 -258.523712, 
94.855782 -436.061859 -347.701904, -518.803955 151.863892 -230.086990, 360.674591 -497.689026 -206.837296, 298.697327 -685.409424 -264.557312, 
-89.112099 -266.096313 -407.739899, -576.914062 208.957474 -194.038422, 331.906158 -502.908875 -235.409378, 267.958038 -669.440125 -275.738861, 
-196.545044 -165.463394 -426.484528, -626.584778 258.665375 -157.372925, 295.695129 -497.982635 -253.150055, 248.444077 -659.235840 -282.758087, 
-199.666718 -162.552719 -425.454163, -627.946411 260.008514 -156.615433, 287.390625 -497.898773 -259.764648, 252.294495 -664.912842 -279.432983, 
-199.666718 -162.552719 -425.454163, -627.946411 260.008514 -156.615433, 281.813629 -497.573944 -264.155457, 256.907654 -668.393677 -275.649750, 
-199.666718 -162.552719 -425.454163, -627.946411 260.008514 -156.615433, 278.118958 -497.341217 -266.990875, 260.269318 -669.931091 -273.011292, 
-199.666718 -162.552719 -425.454163, -627.946411 260.008514 -156.615433, 275.595520 -497.401245 -268.927795, 262.628967 -670.771240 -271.160126, 
-199.666718 -162.552719 -425.454163, -627.946411 260.008514 -156.615433, 273.950653 -497.518616 -270.250732, 264.195312 -671.232666 -269.873077, 
-199.666718 -162.552719 -425.454163, -627.946411 260.008514 -156.615433, 272.605194 -497.579041 -271.134338, 265.499451 -671.476318 -269.004761, 
-199.666718 -162.552719 -425.454163, -627.946411 260.008514 -156.615433, 271.442871 -497.569061 -271.642822, 266.638489 -671.568848 -268.503967, 
-199.666718 -162.552719 -425.454163, -627.946411 260.008514 -156.615433, 270.574463 -497.657288 -271.981445, 267.488068 -671.702942 -268.166290, 
-199.666718 -162.552719 -425.454163, -627.946411 260.008514 -156.615433, 270.077789 -497.524445 -272.206299, 267.980499 -671.585083 -267.950836, 
-199.666718 -162.552719 -425.454163, -627.946411 260.008514 -156.615433, 269.797852 -497.494293 -272.298584, 268.256073 -671.559509 -267.861572, 
-199.666718 -162.552719 -425.454163, -627.946411 260.008514 -156.615433, 269.602112 -497.453186 -272.422638, 268.448822 -671.517151 -267.742004, 
-199.666718 -162.552719 -425.454163, -627.946411 260.008514 -156.615433, 269.458099 -497.496857 -272.522858, 268.589661 -671.557007 -267.641357, 
-199.666718 -162.552719 -425.454163, -627.946411 260.008514 -156.615433, 269.306488 -497.541626 -272.650269, 268.738251 -671.595825 -267.513794, 
-199.666718 -162.552719 -425.454163, -627.946411 260.008514 -156.615433, 269.146210 -497.540985 -272.650269, 268.895782 -671.596436 -267.513794, 
-199.666718 -162.552719 -425.454163, -627.946411 260.008514 -156.615433, 269.012756 -497.527679 -272.686340, 269.026947 -671.581909 -267.479126, 
-199.666718 -162.552719 -425.454163, -627.946411 260.008514 -156.615433, 268.850098 -497.459137 -272.751862, 269.186523 -671.511292 -267.419006, 
-199.666718 -162.552719 -425.454163, -627.946411 260.008514 -156.615433, 268.778687 -497.403168 -272.762207, 269.256256 -671.455872 -267.412262, 
-199.666718 -162.552719 -425.454163, -627.946411 260.008514 -156.615433, 268.688080 -497.332764 -272.759399, 269.344513 -671.386963 -267.419220, 
-199.666718 -162.552719 -425.454163, -627.946411 260.008514 -156.615433, 268.657379 -497.304901 -272.766937, 269.374329 -671.359131 -267.413544, 
-199.666718 -162.552719 -425.454163, -627.946411 260.008514 -156.615433, 268.657379 -497.304901 -272.766937, 269.374329 -671.359131 -267.413544, 
